rescue_target:
  latitude: 37.599904
  longitude: 126.856694
  altitude: 180.0
  radius: 6.0
  hold_count: 5
connection_uri: udp:0.0.0.0:14551